on -45 1 -25 23 -14 35
on -30 18 -39 14 -1 48
on -40 10 -45 5 -47 7
on -25 19 -21 32 -10 35
on -16 35 -39 14 -5 39
on -36 13 -46 -2 -40 12
on -22 27 -29 20 -2 49
on -37 15 -31 18 -23 23
on -26 18 -12 36 -1 43
on -14 38 -39 12 -17 32
off -11 2 -40 -31 1 12
on -25 28 -2 49 -29 21
off 8 23 -2 13 -27 -17
on -47 7 -16 35 -7 45
off 39 49 -38 -21 -7 5
on -44 1 -5 43 -21 25
off 5 22 -31 -22 8 17
on -6 47 -13 33 -36 12
off -6 13 19 31 6 25
on -18 33 -43 6 -21 32
on 20945 37490 -48632 -28197 -67171 -48230
on 71419 77600 -22744 -293 14363 31802
on -44702 -17279 70158 87360 -19036 6105
on -38065 -22040 -68705 -60406 -35285 -18021
on 63765 71800 -34973 -11393 -45557 -23568
on -61625 -44728 -39652 -23869 -70393 -46625
on -13631 14261 -82169 -69943 3373 23688
on 69565 77803 11109 15148 -33831 -22858
on -56284 -22593 36691 50732 47039 50098
on 64552 67483 -53093 -20045 -36145 -18641
on -6053 8047 -24144 -11458 -77211 -63872
on 61197 86070 6678 24351 -15664 -5230
on -85663 -62651 30647 62481 -13236 5486
on -35926 -9741 -51135 -22619 -81780 -53722
on -2337 9629 -27527 -11196 -92190 -64941
on -35593 -27483 -57957 -38585 -73560 -36213
on 30841 60293 -64308 -50318 -25973 -599
on -62326 -39613 -71950 -51587 -6193 378
on -30695 -9325 73673 94063 -17322 16949
on -11531 9440 -18105 -3282 73722 80709
on 28510 57645 42624 55911 -57016 -43172
on 54794 75205 -34726 -13146 -41271 -33051
on -66354 -46626 37076 53728 -26690 -16251
on 53693 74279 -64257 -25693 -31013 -13928
on 24718 29596 -50435 -26038 -68806 -49962
on -78803 -58702 3305 14444 22053 47523
on 33005 35082 -21045 784 68523 82829
on -44759 -23527 -51455 -13134 -74307 -55312
on 38982 55976 -68398 -53906 20077 43232
on 919 18546 3504 28547 -92588 -63079
on 60549 78461 8982 32805 -32605 -21465
on 42924 53244 -75269 -46796 32247 37760
on -68179 -46114 -57985 -38992 -3374 11906
on 59390 87062 -29059 -20038 14024 34894
on 41936 67582 -71765 -48795 -17707 2033
on 20827 56079 -44802 -9771 58446 77259
on 57195 93919 1305 25152 -34566 -13134
on -32671 -22898 60748 90666 -23383 -13785
on 669 23079 28410 37500 -91849 -67213
on 29826 53150 49231 60460 35595 53892
on -80516 -51010 -11948 509 -57533 -25261
on -16810 18046 -40054 -30140 53826 78337
on -30727 -19331 -45538 -12018 -72971 -61087
on -7712 3601 -88880 -66644 296 6668
on -10553 7841 -15605 2447 78368 81863
on -48263 -12697 -21168 -2718 -86088 -53962
on -82812 -57188 -11012 6919 -40512 -31439
on 500 9097 -22526 -148 71214 85371
on -47668 -31834 65268 67654 4398 34171
on 21817 57749 -62296 -54913 -29644 -25587
on 17101 46142 46983 63341 -69525 -39512
on -69090 -57835 -31476 -10588 29401 56099
on -36656 -16395 -64682 -46179 -53007 -37586
on -55951 -31436 -44140 -39802 -65142 -51654
on -15876 -2500 8346 23346 62123 85753
on -8152 19669 70866 90128 -8194 18625
on 39113 53393 48337 69049 25675 41617
on 32979 41363 -68129 -40221 -61466 -39046
on -23474 8535 -60652 -34629 -77763 -51702
on -58044 -20955 -62404 -43670 -51658 -33370
on -23837 -14479 -81694 -63358 39588 56183
on -89899 -60896 2727 25947 -7898 8482
on -60192 -48518 2512 20160 38210 56648
on -61874 -44580 -59227 -40958 12423 40738
on 32446 50036 45277 81152 16464 40088
on -28476 -7871 -31489 -14605 54469 83391
on -8519 10107 12031 30871 67241 94918
on 13992 40741 48664 71638 34196 43948
on -9625 616 38295 57222 51422 61851
on -47378 -18864 -37825 -24137 58608 74690
on -17400 6605 -88568 -68092 -27837 -15280
on -36598 -19073 13856 17074 68112 89257
on 53586 75887 -31856 -7711 -72488 -35400
on 12644 43783 33486 46661 -72658 -54042
on -84750 -60591 -27279 3934 33354 46066
on -13073 5947 -6367 17014 63080 90961
on -5916 18969 34694 51328 -73827 -48008
on -52192 -49688 -13401 -6625 -73898 -58890
on -50286 -31887 -8344 1098 -73980 -70681
on 5122 19886 55681 78482 -53895 -32919
on 68127 91386 -1319 9774 -40455 -32150
on -28263 -11978 -73121 -57904 5012 27462
on -29729 -6448 -90955 -61407 14195 26776
on 36479 66376 -57151 -32091 -50230 -14652
on 58275 80498 945 20341 32790 61742
on -83596 -70361 -44348 -17463 -21359 -13364
on -7625 16311 -68039 -42310 49643 74443
on -16664 14635 -87996 -48726 32516 61912
on -54103 -36015 42571 66086 -32417 -9920
on 45846 73902 47060 63329 14862 22746
on -76654 -55035 -45955 -37009 -12806 -6160
on -55899 -37408 -65952 -34477 42673 61717
on 56157 73403 21843 35425 36881 61054
on -7016 12925 -28619 -6059 61314 78557
on 21210 39516 -1536 19103 66029 83566
on -6956 19730 17376 43257 55474 72093
on -79364 -57754 -46974 -35477 -20307 -4398
on -90447 -67179 -39444 -9726 20348 28705
on -15757 2167 50103 72339 46264 71838
on -55169 -33065 -22293 -4797 53628 78825
on 35838 56589 56652 77029 -32487 -6995
on -55055 -33694 53974 80088 -16827 982
on -20155 4156 61115 80080 -7961 18252
on 59223 67168 -44233 -29649 -38421 -4877
on 62491 73105 -2588 16654 31149 52104
on 11953 32952 66517 91344 11294 35196
on -35759 -19746 -34986 -15035 -90188 -64360
on 39790 62424 -63043 -31208 22315 32373
on -78996 -60071 -7907 14935 -61257 -43116
on 22339 51450 -57682 -32968 -63436 -31191
on -58384 -41059 -65969 -32372 -46728 -17259
on 39125 49523 -54841 -40483 -51424 -36081
on 29520 47398 50640 78178 -26059 -22668
on -65784 -34594 -67423 -35780 -49702 -18486
on 65844 92590 -13903 4767 -36550 -23630
on -52512 -30571 -30341 -19452 56395 71874
on -21705 898 -38787 -16485 66186 75879
on 2551 13765 65809 86308 29716 46009
on -65614 -43816 53348 63320 -5052 13309
on 47423 56271 38493 77500 -27339 -14400
on -80182 -43047 -42189 -37009 -39527 -31560
on 43995 57082 -66079 -49033 -46335 -22763
on -59627 -39370 57377 58076 18158 33569
on 50727 58491 2271 22746 -74014 -36593
on 48896 75845 16223 41313 38887 50400
on -28504 -23732 -90784 -69719 15933 29161
on -31960 6664 48933 68230 -72977 -47891
on 53900 71731 -63619 -38122 10413 46806
on -19672 -2077 -8975 1170 -97168 -61772
on -13564 9192 63101 92554 7476 8464
on -89004 -61564 -23174 -467 -17140 -7994
on 44235 73315 -39962 -10080 -66656 -43076
on -78419 -57509 33181 52532 -34362 -4187
on 37623 57322 -34382 -14393 56816 76461
on -89780 -67550 -37935 -14039 4332 26678
on 30843 53536 55060 76003 -23945 3714
on 16350 24067 -79332 -57223 -33154 -4358
on -12786 -466 18285 33454 58566 88618
on -66549 -53970 -66965 -51066 -7489 23082
on -89498 -66783 -5083 29108 -2113 18162
on -43098 -36488 -22214 -729 -83402 -54386
on -41257 -29176 -57118 -30011 40714 61116
on 27799 54650 -3304 7420 62450 74231
on -46216 -26081 2923 24282 -65987 -63494
on 25846 36272 45486 69201 -58624 -29343
on -19478 -2205 -13238 9555 60139 95207
on 33097 67631 -27663 -13594 50650 72011
on 34243 42360 -60148 -32809 -63961 -33194
on -4603 24090 -69231 -36190 -59837 -40784
on -35305 -8580 45315 54552 56193 69806
on -79318 -54892 36081 51506 -32224 -9386
on 50083 78984 -2995 16341 -53861 -30648
on 16704 24183 65726 77929 2245 25331
on -62571 -47153 26516 46080 33301 50391
on 70105 89967 -9665 3801 27723 49057
on 34485 47945 -46196 -21261 -64711 -41867
on 49328 63942 -63737 -56173 -5358 15183
on 27743 39056 56715 76686 20937 46628
on -4387 26574 40266 57305 -77248 -55160
on 45829 76645 -27175 -5284 33533 55720
on -97755 -64159 -14420 6557 -28324 -10764
on -27220 -12541 71801 87972 2822 7108
on -30818 -7301 -85064 -63328 33576 46665
on 75730 87444 -26285 -8861 -15315 -9266
on 29194 52084 -73664 -47268 14463 48945
on -44918 -26274 1877 22861 64475 81410
on -48104 -24172 -21216 550 66602 78210
on 55609 76877 14743 33294 34105 47504
on -12991 8722 15002 46728 -88138 -60537
on -3114 28333 -24076 -1673 68220 80472
on 44120 65987 -31184 -13876 45649 61061
on -16798 9054 66835 79639 19357 38719
on 15629 39321 -39422 -12707 52014 76099
on 48953 69754 -53521 -21796 -32378 3497
on 33343 62189 -3978 13390 50595 68494
on -8188 21673 70681 89779 14937 30388
on -36092 -19673 -1925 13966 -85430 -53197
on 44446 63622 -56639 -43893 -50522 -36248
on -47252 -13169 8858 27077 71313 78824
on 53539 78661 37667 47354 -40046 -10726
on 11053 38743 53791 90827 14292 19970
on -81640 -69761 -20263 -9828 -24946 416
on -87209 -70463 -43310 -26177 -11965 -806
on 32006 63592 -66623 -44967 19207 43525
on 24227 63344 -8519 -2522 65048 85801
on -5845 20004 -76424 -55077 28465 49518
on -23540 -8873 -29053 -7445 -93395 -70964
on -22873 -12522 -79867 -59750 -12290 4913
on -86708 -60862 -3162 1594 34786 45058
on -58933 -37769 -16069 7667 44506 61220
on 9474 20144 -82825 -48642 -59635 -26126
on 36698 43971 5234 15864 68606 84551
on 25637 48478 41031 58748 41380 70287
on 11427 34486 13300 41305 64417 75585
on 58826 93372 -31259 1484 -31983 -20400
on 30288 40004 44189 66924 -65663 -29294
on -41356 -22594 -64816 -53063 -60511 -45249
on -70025 -53171 -63995 -35849 -10094 5304
on 23085 46040 -14087 11839 -83278 -64519
on 44488 78366 2871 27173 40798 59310
off 22311 57943 43488 65178 8153 33986
on -6271 5040 61736 86668 13978 45050
off -52915 -28509 -38725 -20965 -70016 -50612
on -46447 -13657 -75840 -60420 -39305 -23734
on -34604 -9211 -87561 -59830 -36836 1804
off -4183 4655 -76176 -55154 29111 44167
off 33285 55605 25133 31740 57276 70736
off 71114 94973 -35882 1116 8253 32162
on -80327 -69876 -4869 18971 -45342 -21183
off -54129 -39502 57965 71903 22203 32546
on 18196 36520 -78447 -76717 -8606 6694
off -37047 -23409 53953 86313 547 25294
off -68040 -60315 -2471 15246 -58494 -27735
on 30882 36576 56038 72358 -21292 -13583
on -47620 -27436 -74744 -56777 -48083 -25985
off -78883 -52512 18090 25867 40060 50680
off -69941 -48841 28345 49720 -36655 -10805
on -18071 1079 26730 42065 -83531 -67215
on -91736 -61676 -25929 9997 -39246 -17984
off -75709 -61641 37773 54326 9651 33521
on 62420 71291 17103 43621 -30317 -21026
off 25011 46652 -71650 -46774 -50993 -36914
on 1956 18056 57821 78551 -62775 -41039
on -42194 -21260 15208 42287 61567 77167
on -6757 32220 -60769 -46234 -76673 -54661
off 39638 67968 -16069 13497 -75922 -42340
on 56601 70496 13848 25084 25543 63467
off -72117 -42874 -8800 15624 -56927 -52328
on 47502 76386 34216 51247 25562 52899
on -39378 -32624 -88822 -70333 -25325 5988
off 67356 88751 -32061 -9439 5079 24585
on -56025 -38109 -66559 -58999 -28628 -13479
on -83249 -63831 -20387 1077 3427 15304
off 32717 47901 -54725 -45008 35436 69806
on 1299 13705 4224 39004 -80220 -58987
off -12611 5156 -14943 2568 77809 95365
on 57103 68606 -26105 -1552 35353 68216
off -68514 -38393 -40940 -4440 -56017 -45694
off -66729 -40243 19879 39968 53424 73280
on -29093 -15955 466 27508 69016 86086
off -329 15423 -16247 9972 60411 87178
off -42169 -19535 -10437 14868 67780 79157
on -24264 -1506 71457 75784 17572 35372
on 11909 30299 -74323 -36205 48824 54161
on 45499 64279 -51011 -20153 44094 62174
on -31168 -19020 46092 56952 -56117 -38016
on 52649 77647 -51680 -39781 -26441 273
on 10643 14764 49102 59161 46809 75418
on -57575 -37565 43843 77635 -22521 -1263
off 27101 59535 -36192 -12169 -76573 -40556
off -51130 -25659 -64446 -38991 -57846 -31064
off -5717 10808 -15433 -4773 72657 82815
on -12643 11516 -10534 20440 -85179 -73229
off 36072 52145 62432 76687 -10807 3053
on 33211 51338 -78519 -55147 -15170 8362
off 28578 42288 45754 75324 -42689 -25875
off -17463 20742 -75385 -63289 -48090 -19748
off -5435 19681 -81350 -77354 -28 1724
off -91701 -58137 -30844 -24584 -25923 -3145
off -61484 -27973 45052 68042 -43190 -10531
off -3625 6220 20512 38321 66183 85027
on -70801 -52672 -55480 -34303 7088 26838
on 41388 46465 -34293 -7487 -64547 -45028
off 71687 86102 26282 45152 -22201 -6541
off -7472 16062 -51641 -32625 -71702 -53643
off -37998 -27622 -82030 -66284 -10960 -2128
on -2176 6136 -84870 -71245 -47613 -20545
off 2023 15209 25429 57508 65332 79325
on 66306 78678 14586 19973 15494 31575
off -28288 -4093 -58965 -36833 -75086 -43491
on -35664 -5450 55093 74197 11686 40118
on -25067 -3663 -79278 -72206 15111 42777
on -48705 -16750 -31817 -10749 -84005 -58825
on -67394 -48753 -30724 -12321 30269 50430
off -75640 -58478 -35252 -26181 14942 43731
on 3645 5324 -73185 -65733 -40243 -14743
on -66735 -60945 -38128 -24332 -49348 -22212
off 39266 43856 -68976 -43493 -62077 -35863
on -81074 -53023 -42692 -11626 24132 50317
on 39849 70221 -7159 27862 42258 66445
on 36944 64796 33842 46805 44049 66367
off 71910 87909 -19051 10763 -11396 -5657
on -67126 -37081 -51245 -28315 21307 54257
off -19169 17107 22197 53541 52907 85793
off 21921 51605 62863 86554 3217 29145
off -23080 -13303 -96866 -61724 -10145 8727
on 74959 90774 -21729 4994 -30247 -12664
on -97043 -69306 -24917 10436 -31138 -12623
on -87289 -73742 -10720 13743 2049 31088
off 33116 46142 64648 65730 -46808 -25557
on 39542 43019 8959 30233 -66252 -50295
on 65866 84296 26894 57421 13822 36340
on 19872 48034 63173 79660 9327 25000
on 26065 34252 14357 32370 67493 86165
off 44637 50180 31605 59353 -64989 -32725
on 34275 59056 -63617 -52263 23254 47216
off 17347 45490 42936 77410 -58828 -33819
on -77246 -67310 -21452 -6496 -10608 -7788
on 59287 68922 -33436 493 36722 49008
on -67621 -50401 41712 46222 29218 49441
off 15985 44037 -5356 24567 64150 77862
on 58298 93548 10095 38425 -15661 5002
on -62628 -39905 -74527 -40419 -39220 -17999
off -74644 -55520 -36577 -33128 24670 38098
off -79006 -60340 -29992 766 1589 39530
on 70968 75959 -6337 31310 13795 45722
off -19679 -4435 -78689 -67151 27628 55041
off 56974 94479 -1609 15433 11323 27181
off 66858 79428 12026 27799 5678 36098
off -15997 4614 -77442 -55493 -45736 -40211
on -79325 -53991 -51227 -16674 1572 20540
off -84204 -78115 -14186 23161 7984 19520
off 14180 52001 -43218 -4276 51733 73003
on -47745 -27031 62212 80274 26289 35385
on 36495 56909 -68887 -47004 2831 24821
on -67954 -59845 -51052 -44042 4753 24626
on -52827 -36489 -79553 -56624 -4119 19101
on 76183 80637 -12874 6745 -6558 20532
on -72110 -69780 21906 44158 7585 28179
off -9993 22199 -58098 -41582 52706 68723
off -71885 -55936 -42675 -31541 27950 34300
on 40606 68339 28438 43278 34434 52103
on -25545 2678 65242 89455 -1423 8234
on -31639 -4297 59195 83177 -25674 -2536
off 15742 37250 -78064 -39216 30757 62358
off -50759 -20539 -77148 -52448 -53238 -34329
on -77513 -53028 -38550 -14591 16397 37474
on -38262 -16201 61522 86821 20771 54961
off -71374 -43847 -57124 -44595 19802 46595
off -65222 -37268 38786 40210 47758 53007
on -3205 27279 77392 85402 -1195 11237
on 31281 65902 -68276 -56764 -13742 7138
on -33043 671 -54607 -30571 -82315 -60065
off 4943 9094 -66607 -41312 -64162 -50915
off 44875 60559 18574 37638 58856 73441
off 40822 52957 -11660 9750 -74087 -50297
off -49638 -32547 -24883 -492 59440 70247
on -78606 -74696 -2991 29605 17480 26777
off -23030 -4972 -18991 -871 65805 85361
off 54633 77831 21381 43385 -2152 20877
on 15077 31796 67441 76316 -45758 -24043
on 24279 42141 -19253 -8795 -77472 -58165
off -68909 -42358 -35797 -31750 28531 49334
off -46552 -19849 8232 17953 -80999 -66385
off 20154 27905 66927 80394 -12334 -431
off -30409 -10861 -81984 -51763 -37779 -23157
off 48142 58010 40917 69835 1861 25434
off 51475 74469 -72288 -48781 -15178 6905
off 53695 85451 14843 32605 -34859 -8099
on -27999 -4241 -70587 -54297 -42964 -36502
off 34223 38040 -60058 -45192 41343 62121
on -27118 -17100 9876 30369 59974 89083
on 57414 84116 653 24930 12781 16051
on -68059 -46789 47743 61716 12060 24489
off 44412 49101 -45623 -20751 39617 59410
on -86423 -55173 20275 38214 9484 36139
on -38830 -22580 40100 62317 42077 61533
off 24696 50805 -89530 -55640 520 4677
on -46166 -20776 -79989 -72077 4582 25927
on 43811 65829 50958 63439 -2090 22107
on -66076 -33140 26478 43156 48192 64457
off 18804 39958 -15990 -593 71288 94017
on -16645 15074 -2645 15795 74709 84293
off 56716 67842 -15454 6183 36839 53509
on -45892 -38147 -67059 -39339 27919 58645
on -14633 8662 36566 49728 63050 77229
on -31392 -20479 -69483 -49570 54352 65770
on 26583 37737 -36785 -16489 -83413 -50685
off 40914 63631 46870 83142 -7933 19092
off 22218 50507 -83680 -62121 -51260 -23449
off 9756 44847 -54580 -35603 -73506 -46562
off -17647 11878 -98332 -77705 -14684 15002
on -44741 -26271 -81716 -54482 -11477 14070
off -35076 -1981 73759 83940 -21950 7270
on -19226 1824 51503 59762 -65845 -48821
off 6570 26998 -11458 -3080 -78953 -67997
on 70248 84575 -24679 -19753 -5858 14661
off -28439 -2720 -49367 -31350 -69392 -60563
on 38186 43046 -38739 -14721 53616 64985
on 18674 46606 -2887 13267 -85821 -71134
on -82280 -77000 -2546 19659 5979 28022
on 9308 25379 853 10768 -96427 -62739
on -12253 15167 67595 84457 35629 49242
off 60833 90816 -4001 21790 6093 32304
on -32813 -4065 28993 56664 49630 78321
on -23974 -17100 21409 34139 60823 84023
on -5326 9926 36021 52378 -73176 -60034
off -20642 1352 -81150 -62097 -42609 -24758
on -794 19841 -87169 -60122 -36505 -19502
off 34975 63805 25802 46849 -58820 -38132
on 39619 46293 342 22958 56234 80879
on 48123 48729 14420 32784 -66490 -58380
on -52615 -37665 -75901 -52492 9849 26733
on 41721 61120 27102 48745 -64930 -40204
off -78289 -60041 14354 29875 -54529 -41303
off 44318 74454 -14021 -2636 -63197 -30743
on 27378 53613 39087 49720 33420 69852
off -19620 2036 7441 31215 69825 86519
on 15791 19130 -76450 -47614 -58381 -42389
on -35094 -12809 66272 89209 22037 50934